3
2 64 64 3 
-0.995372 0.124014 -0.627058 
0.618141 0.171249 -0.0382068 
-0.299404 0.79523 0.662774 
0.493786 -0.646622 0.734094 
0.419856 0.0280565 -0.389486 
-0.970339 -0.818718 -0.280994 
-0.707057 -0.671734 0.965273 
-0.108474 -0.761942 -0.993368 
-0.982395 -0.241494 0.0694766 
0.142446 0.203424 0.210282 
-0.668898 0.32851 -0.0912388 
-0.295099 -0.883108 0.22583 
0.566773 0.60388 0.03435 
-0.396451 0.753276 0.456725 
0.912001 0.852468 0.0780313 
-0.714519 -0.0718689 -0.518284 
0.72472 -0.582521 0.550513 
0.687633 0.991679 0.98849 
0.222228 -0.215223 -0.466164 
-0.404718 0.67906 -0.95676 
-0.247564 -0.816797 0.350366 
-0.88656 -0.979155 0.842811 
-0.44667 -0.450223 0.188379 
0.383735 0.67604 0.450609 
-0.0315672 -0.591946 0.483749 
-0.0634534 -0.083847 0.900811 
0.488716 -0.784973 0.197933 
-0.228394 0.469154 0.218606 
0.144829 -0.280205 -0.711533 
-0.549589 -0.146936 0.611367 
0.033391 0.978512 0.496008 
-0.307576 -0.659891 0.320633 
-0.0147113 -0.868373 0.411827 
0.00845207 -0.7045 0.901542 
-0.718158 0.808699 0.377268 
-0.393431 -0.142734 -0.84241 
0.93434 0.371369 -0.678357 
0.754315 0.638618 0.145373 
-0.618379 -0.650425 0.613858 
-0.0482914 -0.692458 -0.0050388 
0.463778 -0.18906 -0.435238 
0.137824 0.361555 0.498454 
0.445453 -0.0446329 -0.74123 
-0.264658 0.672973 -0.920692 
0.0349525 0.331382 -0.133151 
-0.790396 0.899454 0.847066 
0.0995753 -0.305967 -0.0511078 
-0.251939 0.686478 -0.39068 
-0.0883008 -0.458229 0.959138 
-0.402391 0.482071 0.149325 
-0.607029 0.526364 0.693441 
-0.205691 -0.00135137 0.767509 
-0.944702 0.987962 0.142869 
-0.898749 0.061221 -0.618534 
0.685394 0.253364 0.318834 
-0.603961 0.679812 -0.767187 
-0.779544 0.486693 -0.372194 
0.882172 -0.429624 -0.33586 
-0.718931 0.466162 0.670622 
0.416202 0.200566 0.492146 
-0.49355 -0.710528 -0.997171 
-0.87749 0.61371 0.706917 
-0.576893 -0.760398 0.1345 
-0.971421 -0.770762 -0.0859597 
0.503241 0.370669 0.0847174 -0.854435 -0.127902 -0.597573 0.390076 -0.420211 -0.128333 -0.536978 0.154147 0.0633346 0.25567 -0.681639 0.00655038 0.924832 0.389445 0.847239 -0.621384 -0.32906 -0.645227 0.988111 -0.0869178 0.994015 -0.807026 0.247985 -0.813018 -0.126389 0.861934 -0.905272 0.787189 -0.42187 -0.547361 0.5358 -0.180523 -0.597058 0.254995 0.206507 -0.0989052 -0.0689475 0.19435 0.267378 0.708515 0.656613 0.248003 0.439537 0.129894 -0.251103 -0.633847 0.474034 0.108071 0.807904 -0.516041 -0.623316 0.207539 0.39592 0.167847 -0.298801 -0.0132566 -0.841283 0.480566 0.221905 0.239015 0.380653 0.605739 
-0.702518 0.151063 0.734082 0.821805 0.228582 0.454528 -0.914981 0.335031 0.952028 -0.371118 0.137401 -0.389403 -0.653233 -0.784185 0.736976 0.701681 0.487398 -0.691745 -0.346941 -0.841933 -0.847922 0.280642 0.638931 0.0888971 -0.104698 -0.183485 -0.403559 -0.0700465 0.00175498 -0.695995 -0.355248 0.474876 -0.373378 0.651984 0.916891 0.746091 0.449328 -0.401023 0.886732 -0.746501 -0.869314 0.568637 0.0485106 0.218638 0.911254 -0.856917 0.750309 0.306827 -0.357192 -0.791527 0.00872171 -0.547218 -0.420574 0.839222 0.101139 0.324884 -0.771809 -0.0157518 -0.243104 -0.00765369 0.586191 0.0171407 -0.236284 0.375399 0.0622648 
0.21107 -0.211482 -0.99091 0.413416 -0.800269 0.244568 0.723865 -0.01791 0.492677 -0.00834012 -0.241755 0.568826 0.103585 -0.288338 0.909341 0.260213 -0.649018 -0.254361 -0.738142 0.485281 0.901406 0.221532 -0.946331 -0.342753 -0.890379 0.275727 -0.738577 0.691889 0.727445 0.191294 0.440707 0.705887 -0.972684 -0.749585 0.413316 0.233141 -0.566186 -0.87023 -0.66451 0.24648 -0.319442 -0.363636 -0.266053 0.32072 0.602928 0.610904 0.051312 0.220439 0.593711 0.799 -0.713061 0.257731 -0.197518 -0.494065 -0.72911 0.708915 -0.869445 -0.145806 0.144041 -0.397797 0.0951463 -0.551591 -0.379171 -0.780472 0.612268 
-0.72373 -0.422329 0.589291 0.801624 0.586668 0.49449 0.242608 -0.273635 0.722439 -0.532601 0.736486 -0.532445 -0.490692 0.097083 0.980314 -0.885552 -0.826656 0.0635037 -0.139711 -0.804468 -0.473048 0.794186 -0.525233 -0.694828 -0.739497 0.876144 -0.831117 -0.894917 -0.876934 -0.315603 0.84209 -0.193324 -0.124962 0.9042 0.686388 0.0737964 0.690968 0.397776 -0.193806 -0.473678 -0.984478 0.0630973 0.915409 -0.196345 -0.50876 0.184851 -0.481373 0.376648 0.903096 -0.118407 0.793289 -0.973152 0.893254 0.20984 0.583153 0.160393 -0.706748 -0.548365 -0.221304 -0.979881 -0.159913 -0.822561 0.328347 0.717895 -0.852035 
0.626868 0.330794 0.392251 0.613488 0.065633 0.376084 -0.70584 0.38197 0.462179 0.562932 -0.931322 0.743562 0.296407 0.421815 -0.821376 0.108763 0.903461 -0.872273 -0.445227 -0.7053 0.970255 0.247828 -0.408952 0.85363 -0.25753 0.398281 -0.556416 -0.680422 -0.514844 0.0510896 0.813597 -0.780406 0.812108 -0.108027 -0.831323 0.56797 -0.651452 0.956541 0.559419 0.746523 -0.573735 -0.0782331 -0.988272 0.505685 -0.765442 -0.180899 -0.371716 0.991326 -0.913874 -0.488344 -0.612372 -0.495707 -0.685089 0.245322 0.778598 0.883084 -0.602836 0.564465 0.300065 0.321853 0.821298 -0.0799699 0.848598 0.333742 -0.685412 
0.274758 0.142253 -0.151668 0.889907 0.0837018 0.159299 0.0768656 -0.48803 -0.203244 -0.295991 -0.92382 0.593392 -0.603501 -0.855471 -0.21749 0.18363 -0.854461 -0.599895 -0.685934 0.29062 -0.0882218 0.212181 0.397706 -0.113351 0.372408 -0.202666 0.674485 0.187974 -0.598896 0.902679 0.756177 -0.213456 0.978126 -0.625384 0.795246 0.150616 -0.113459 0.25836 0.420554 -0.898052 -0.426482 -0.475623 -0.182705 0.792639 0.423391 0.461287 0.794936 -0.210096 -0.200989 0.811142 -0.378662 -0.219666 0.144655 -0.290826 0.471131 0.492885 0.475357 0.481402 -0.717305 -0.595729 -0.453443 0.364998 0.825015 -0.261904 0.0413942 
-0.784362 0.810448 -0.600016 0.03059 0.306116 -0.126088 0.369628 -0.821075 -0.845059 -0.853394 -0.948718 -0.293882 -0.390456 0.388808 -0.71982 -0.213444 -0.869364 0.344711 0.446685 -0.605483 0.383666 0.226292 0.305495 0.082217 -0.808262 0.0846548 -0.904902 0.944022 -0.074609 0.934533 0.449715 0.0574971 0.355384 0.38 -0.261384 -0.225234 -0.903407 0.614381 -0.665905 -0.882116 -0.382187 0.563296 -0.577859 -0.359127 -0.0349608 -0.988111 -0.124234 0.0116573 0.205979 0.512111 -0.20386 -0.306283 0.680052 0.881564 0.241398 0.991302 -0.896937 0.122298 0.721184 -0.232009 -0.389139 -0.437593 -0.950513 0.221631 -0.226264 
-0.964428 -0.940312 -0.0918612 0.712939 0.871607 -0.197937 0.451482 0.222097 0.614487 0.748188 0.162899 0.187788 -0.844592 0.5833 -0.0783367 0.179559 0.176087 0.134793 0.630388 0.343989 -0.315269 -0.982378 -0.467727 -0.319945 -0.538485 0.538753 -0.258818 0.737006 -0.767757 0.448232 0.25467 0.785459 -0.636438 0.0680641 0.801051 0.558824 0.928635 -0.608033 0.800341 0.592749 0.904993 0.69459 0.779173 0.255883 -0.631368 0.230461 -0.472181 -0.500837 0.461178 0.573584 -0.661331 0.4246 -0.0408599 -0.838674 0.610275 0.708979 -0.752767 -0.386939 0.143487 -0.0570271 0.523005 -0.619464 0.453383 0.988117 -0.973963 
0.292025 0.378588 -0.657984 -0.861779 -0.453873 0.349599 0.671557 0.110985 -0.262084 0.553794 -0.539403 0.271742 -0.541686 -0.596643 0.936865 -0.439868 -0.959923 0.5315 -0.699862 -0.908876 -0.986554 -0.308678 0.282968 -0.319422 -0.176348 -0.173506 -0.823489 0.0850939 0.39555 -0.329844 0.309002 0.747467 0.0657832 0.133763 -0.897656 -0.0711474 -0.483477 -0.151695 0.721042 -0.0311777 -0.828769 0.125714 0.41577 0.55406 0.724007 0.694579 -0.418376 0.72473 0.283326 0.488624 0.65108 0.524935 0.738684 0.813419 0.819554 0.0407327 -0.123554 -0.788603 -0.298092 0.64025 -0.146889 -0.666513 -1.00281 0.310881 0.537853 
-0.867781 -0.813951 -0.219864 0.376125 0.620469 -0.686444 -0.705263 -0.899756 -0.30109 -0.955621 0.963235 0.30202 -0.885829 0.836542 0.281998 -0.13168 -0.950032 -0.505226 -0.211203 0.312029 0.570962 -0.945884 0.658952 -0.714969 0.276256 0.109997 0.973677 -0.0657245 -0.566243 -0.39028 0.572742 -0.307749 -0.031478 0.224897 -0.786956 0.972742 0.516243 -0.691012 -0.0790958 0.429419 1.0025 0.559257 0.287462 0.246465 0.89841 0.385583 -0.414237 0.139981 -0.410058 0.103663 0.433527 -0.498237 0.100736 -0.0100075 0.911666 0.344218 0.53595 0.252 -0.0997692 0.60563 0.494445 0.986675 -0.584228 0.264884 0.832618 
0.187853 0.844178 0.0212602 -0.0120415 -0.0945844 0.784223 0.890556 -0.63071 -0.488908 -0.5857 0.468199 0.889382 0.258246 -0.907772 0.291133 -0.92562 0.121375 0.100155 -0.101896 -0.872543 0.99972 -0.735528 0.209236 -0.889763 -0.646016 0.330755 -0.327892 -0.359559 0.311761 -0.169739 -0.135112 -0.549058 0.36484 -0.65745 0.00433803 0.0195238 0.610923 -0.121341 -0.982262 -0.31445 -0.242598 -0.73341 0.659371 0.471389 0.789411 0.297296 0.307967 0.0356045 0.478045 0.482589 0.924196 -0.0583834 -0.264896 -0.770425 0.818031 0.647781 -0.0840097 -0.776798 0.748768 0.532012 -0.918282 -0.156621 0.879125 -0.858325 -0.655702 
-0.583876 -0.77569 0.169515 -0.775253 0.228845 0.153141 0.368179 0.458597 0.822343 0.328931 -0.411927 0.608494 -0.253902 0.983148 0.534291 -0.597831 -0.670234 -0.237639 -0.644596 0.156209 -0.618654 0.908851 -0.628948 -0.248588 -0.402845 -0.771451 -0.613228 -0.918199 0.536395 0.51047 0.749737 -1.00635 -0.112916 -0.159708 0.591657 -0.0826441 -0.0173741 0.487909 -0.534089 0.110259 -0.821811 0.832091 0.781533 0.708156 -0.88973 -0.0314254 0.255332 0.486218 0.499181 -0.49877 0.80732 0.57135 -0.611221 0.0992866 -0.908711 0.0378593 0.57289 0.400542 -0.964226 0.451646 0.102236 0.815958 0.742277 0.586027 -0.407703 
-0.21964 -0.0491755 -0.912928 0.287803 -1.00878 0.527137 0.494981 -0.566635 -0.703388 -0.899579 0.328298 -0.947294 -0.322463 0.37878 0.581548 -0.137096 0.94824 0.251409 -0.418983 -0.0544741 0.735113 -0.857447 -0.811255 -0.730339 -0.728841 0.81778 -0.395239 -0.267507 0.619574 -0.923119 0.610914 -0.533681 0.781961 -0.504066 -0.47783 -0.591544 -0.550751 0.677396 0.734163 0.763738 0.679737 0.201854 -0.926478 -0.661482 -0.645116 -0.307177 -0.113453 -0.641695 0.771032 0.231386 0.0748274 0.805705 0.0297915 0.451889 0.983383 0.929087 0.723323 0.670246 -0.724307 -0.267506 -0.437493 -0.676027 0.935218 0.472493 0.407401 
-0.934751 0.294773 0.632069 0.477571 0.640128 -0.747204 0.443999 -0.247739 0.30431 0.836185 0.784091 -0.931222 0.552197 -0.0960237 -0.979422 -0.539291 -0.157672 -0.679598 0.841494 0.00653376 -0.509476 0.514632 0.817763 -0.566887 -0.93051 0.548917 -0.539053 0.118747 0.615666 0.709942 -0.330312 0.0826985 0.988437 0.744776 0.299849 -0.541817 0.629069 -0.252439 -0.260686 -0.925952 0.126108 -0.198178 -0.757455 -0.346953 0.802643 -0.59005 0.884646 -0.745483 0.70507 0.793289 -0.102324 -0.549389 0.275241 0.123575 0.253631 -0.149113 -0.962779 0.731856 -0.714301 -0.459278 -0.413884 0.369907 0.127235 0.92159 0.223782 
0.577745 -0.152949 0.639084 0.481024 -0.727116 0.0344458 -0.957507 -0.985195 0.498373 -0.330382 0.805949 -0.0737589 0.53758 -0.896811 0.263749 -0.950368 0.366808 0.940653 0.0021246 0.413838 -0.466296 0.646888 0.295021 0.196548 -0.470799 0.690833 -0.0782048 0.498268 -0.295736 -0.968845 -0.0446958 0.2548 -0.190392 -0.230513 -0.942628 -0.421338 0.194855 0.769604 -0.133567 0.864648 -0.23279 0.0683874 -0.97881 0.949567 0.732009 -0.122707 0.400838 -0.332584 0.207036 -0.00100409 0.12155 -0.919698 -0.241581 -0.532658 0.876612 0.720281 0.929731 0.218918 0.17024 -0.845027 -0.185091 -0.387051 -0.00116498 -0.838359 0.752906 
-0.384597 0.572485 0.87886 0.188697 -0.559894 -0.434067 0.134136 0.753335 -0.490494 -0.386556 0.463606 0.742514 -0.527523 -0.606338 -0.09571 0.787666 0.159827 -0.928147 0.99749 -0.875479 0.248361 -0.474401 -0.650671 -0.755577 -0.526147 0.00304598 0.928974 -0.890461 -0.834819 -0.312768 -0.427894 0.0411165 -0.00873581 -0.162938 0.861337 0.207632 -0.408762 -0.0376551 -0.185348 0.911203 0.10392 0.681973 0.594904 0.60946 0.19486 0.753867 -0.355106 0.88687 -0.451078 0.897268 0.450461 -0.731898 0.560845 -0.0474448 -0.637045 -0.939785 -0.908446 -0.0829251 0.737367 -0.715895 -0.966494 -0.561484 0.646077 0.602542 0.578109 
0.324742 -0.390871 0.578441 0.857325 0.693627 -0.506551 0.012315 -0.948707 -0.837899 -0.925411 -0.276721 0.441503 -0.167714 -0.624616 -0.390817 -0.627817 0.50343 -0.713106 -0.875078 0.0583629 -0.270572 0.626941 -0.671114 0.814549 -0.723464 -0.925706 -0.6258 0.649206 -0.494444 0.155349 -0.290963 0.0915923 0.341827 0.756381 0.879048 0.896954 -0.780837 -0.680128 0.129112 0.610624 0.799096 -0.840378 0.75205 0.65212 -0.212423 0.113723 0.354401 -0.0879773 -0.421702 0.911462 0.979521 0.471356 0.202493 -0.447554 -0.72239 -0.596113 0.210609 -0.0159579 -0.274358 -0.525721 -0.0379071 0.398774 0.906666 0.351422 0.987611 
-0.527318 0.0241288 -0.53271 0.792332 -0.0337189 -0.349534 0.0708106 0.140142 -0.330108 -0.307149 -0.664706 -0.422661 -0.564771 0.841551 0.475926 0.611646 0.297385 0.368755 -0.462059 0.531676 -0.874371 0.439668 0.714961 -0.320836 -0.914755 -0.0357237 -0.961353 0.672747 0.235142 0.0772103 0.20393 0.134112 0.551495 0.276045 0.38945 0.518054 0.73385 -0.687486 -0.156715 0.570185 -0.959422 -0.127217 -0.917619 0.0105291 -0.46447 -0.868056 -0.513115 0.961251 0.00867283 0.22751 -0.862276 -0.269197 0.90728 0.717818 -0.328604 -0.518581 -0.423785 -0.900363 0.981141 -0.658906 -0.863677 -0.5641 -0.401125 0.571001 0.293118 
-0.834568 -0.477358 -0.730839 -0.568613 0.122813 -0.645669 0.260756 -0.787605 -0.0952841 0.514504 -0.33505 -0.888059 -0.43806 0.38506 0.743303 0.13315 0.733484 -0.841829 0.588652 0.997635 0.266928 0.234177 0.186651 0.182644 -0.614836 0.953781 -0.539943 -0.9186 -0.523726 -0.493259 -0.190052 0.58684 -0.458217 0.79627 -0.244519 0.453497 -0.589161 -0.897359 0.205733 -0.294684 -0.279744 0.332617 0.950219 -0.554456 0.788855 -0.310007 0.904358 0.327807 -0.60063 -0.438354 -0.292848 0.0601677 -0.421095 -0.561971 -0.804164 -0.788464 0.416352 0.685206 0.340034 0.634709 -0.989862 -0.0210313 0.206538 0.868241 -0.42438 
0.211691 0.493904 0.747788 0.824541 0.660272 0.211858 -0.390162 0.568488 -0.699703 0.0853269 0.378166 -0.210682 0.986489 -0.796029 -0.176683 -0.945083 0.37494 -0.482089 -0.661925 -0.542655 -0.621942 0.72448 0.526656 -0.904669 -0.0334696 -0.887592 0.922543 -0.829919 0.130996 0.92519 0.147921 0.757375 -0.182534 -0.193618 -0.172907 0.317093 0.646789 0.890484 -0.433693 -0.995495 0.232577 -0.901017 0.312163 -0.156044 0.909073 0.208039 -0.598193 -0.171161 -0.318797 0.246343 0.616915 -0.990198 -0.789386 -0.211113 -0.446173 -0.366375 0.648554 0.70708 -0.376833 -0.604562 0.129386 -0.0617568 0.99028 -0.133483 -0.262894 
-0.162836 -0.230883 0.160055 0.754726 -0.325673 -0.213646 0.901335 0.018005 -0.163354 0.215917 0.552962 -0.833262 -0.698296 -0.584905 -0.826025 -0.365863 -0.0570971 0.257361 -0.3349 -0.841728 0.228433 -0.715037 -0.439161 0.649173 -0.122537 0.988004 -0.558697 -0.786009 0.0376195 -0.471528 -0.986085 0.151893 0.540493 -0.785746 0.937697 -0.261475 0.807501 0.0427139 -0.555352 -0.395287 -0.0435327 -0.37953 -0.171575 0.529091 0.682643 -0.222608 -0.145606 0.447825 0.469021 -0.81784 -0.837327 0.505356 0.693308 0.275228 -0.281468 -0.0503635 -0.811696 -0.169916 -0.624049 -0.314523 0.82651 -0.542145 -0.379908 -0.69192 -0.318109 
-0.636038 -0.45635 -0.589332 -0.656255 -0.330195 -0.869829 0.00260431 0.926915 0.617655 -0.108104 0.825134 -0.642381 -0.0371482 -0.0569435 0.397454 -0.503432 0.87229 -0.446468 -0.401609 0.644347 0.638295 0.258683 0.589215 -0.986747 -0.479135 -0.42221 0.904995 0.717906 0.0342998 0.413899 -0.488827 0.841127 -0.0184911 -0.814142 0.650887 -0.847131 -0.43542 -0.233318 0.285455 0.0293388 -0.137651 -0.719708 0.949354 -0.851317 -0.990486 0.828331 -0.177526 0.509891 -0.625945 -0.79754 -0.154914 0.354657 0.0538613 0.647816 0.673285 -0.457622 -0.00174797 0.740129 -0.703193 0.940444 0.0763102 -0.559827 -0.867378 -0.591514 -0.606337 
-0.616068 -0.603872 0.909641 0.183504 0.475242 -0.413125 0.356116 0.571029 0.840092 0.853665 0.68596 -0.484593 -0.792358 -0.879882 0.804106 -0.705288 0.782182 -0.285586 0.911313 -0.238672 -0.339847 0.365945 0.772382 -0.243544 -0.136572 0.345387 -0.468528 -0.0376078 0.0539611 0.600711 0.584364 0.489866 -0.0294978 0.651974 0.114551 -0.443974 -0.307902 -0.89515 0.819362 0.523399 -0.265219 -0.438884 -0.579354 -0.352739 -0.902482 0.759182 -0.504921 -0.194941 -0.714041 0.7474 0.212427 0.563548 -0.609572 -0.0984578 0.520096 -0.135365 0.270536 0.606819 -0.654837 -0.358266 0.925187 0.415023 -0.607342 0.723638 -0.910944 
0.485664 -0.92925 -0.740048 -0.836834 0.104319 0.137132 0.0644851 -0.562781 -0.846702 -0.392211 -0.87223 -0.178579 -0.734061 -0.498217 0.639715 0.016741 -0.464091 0.973914 0.832132 -0.757298 -0.432347 0.412569 -0.0593008 -0.412183 -0.312085 0.0484857 0.621002 0.0330284 -0.866128 0.656969 0.10709 -0.793936 0.0178698 0.891777 0.444704 -0.0528179 -0.0984377 0.836206 0.0963383 -0.270511 0.767737 0.317816 -0.755781 0.0139972 -0.776361 -0.442158 0.0917917 0.58145 -0.263303 0.714882 0.487055 -0.0739458 -0.282053 -0.116587 0.170285 -0.242774 0.263076 0.114133 -0.036421 0.671711 -0.6291 -0.982207 -0.78253 -0.919642 -0.558894 
-0.49042 -0.182486 0.41084 -0.118351 -0.736365 0.0856783 0.70937 0.611819 -0.566603 0.844151 -0.376417 -0.716576 0.210339 -0.983529 0.907625 0.0721548 -0.229813 -0.979923 -0.528139 0.769361 0.181666 -0.698671 -0.970098 0.0663911 0.829888 0.301099 -0.554058 -0.192532 0.929714 -0.80979 -0.205052 0.00896511 -0.332667 -0.34725 0.246813 -0.500288 -0.422322 0.0635035 0.793624 -0.0466257 -0.34599 0.345165 -0.081272 0.163426 -0.177503 0.840001 -0.760902 0.326582 -0.706906 -0.508786 -0.781166 -0.80019 0.375244 0.650582 -0.0221484 -0.0948456 0.304043 -0.165372 0.275552 -0.805454 0.659684 -0.267089 0.752959 0.037373 0.91838 
-0.212966 0.44757 0.256167 -0.256295 0.623764 0.702738 -0.876661 0.485579 -0.278475 -0.532935 0.634515 0.564139 -0.456344 0.121749 -0.655052 -0.753958 0.509834 -0.178114 -0.443846 -0.660375 0.0848378 -0.521552 -0.366229 -0.554716 0.31205 0.391804 0.336924 0.282461 -0.890191 -0.345337 0.899487 -0.362221 -0.38845 -0.678715 -0.267403 -0.449102 0.91926 -0.53204 -0.482399 0.246556 0.509218 0.160899 -0.460415 0.421921 -0.327764 0.423088 -0.960161 0.397806 0.256505 -0.75126 0.434889 -0.243037 0.0437601 0.725918 0.179378 -0.0122337 -0.941428 0.340505 0.102215 -0.305507 0.143635 0.523733 -0.957827 -1.00141 0.0867395 
0.496082 -0.435619 0.587949 0.670343 0.447542 -0.407158 0.0771828 -0.188866 -0.796526 -0.221326 -0.806653 0.336311 -0.676413 0.381774 0.341438 0.476973 0.776369 0.513042 0.138943 -0.470186 -0.777193 -0.465857 0.466811 0.954847 -0.0243081 -0.570301 0.602307 0.225711 -0.303016 -0.0348698 0.996902 -0.252761 0.89589 -0.558886 0.260438 0.151352 -0.708979 0.8597 -0.0842481 0.28456 -0.902778 0.311393 0.484728 -0.800092 0.301411 -0.600934 -0.531382 0.464208 0.988949 0.508134 0.786503 0.0951912 0.783475 0.737666 0.231806 0.439748 0.462074 -0.696236 0.512326 -0.694559 -0.190573 0.22887 0.433488 0.659884 0.771914 
-0.867485 -0.204105 0.216476 -0.0157976 -0.0920697 0.528917 0.166544 -0.325421 0.172912 -0.27197 0.506226 -0.830599 -0.801681 1.00282 -0.903837 -0.201586 -0.776124 -0.160244 -0.127386 -0.456194 -0.087014 -0.541701 -0.470519 0.291886 0.793719 0.767161 -0.0950622 -0.168882 -0.531809 0.937267 0.487588 -0.309559 0.453085 0.215409 0.251445 0.792371 0.369544 -0.521383 -0.774381 0.0692352 0.435865 0.144309 -0.965711 0.0262064 -0.0767254 0.951481 0.785326 0.410818 -0.499263 -0.78536 -0.457479 -0.0584298 0.221572 -0.896868 -0.220091 -0.761718 1.00239 0.484758 -0.90923 -0.983066 0.363769 0.922126 0.419631 0.507641 -0.704763 
0.356581 0.225549 0.326038 0.952077 -0.857746 0.814841 0.722702 0.257012 0.77805 0.150357 -0.695561 0.797271 0.147857 -0.47404 -0.648977 0.25062 0.668679 0.340632 0.717309 -0.102905 0.965981 0.320278 0.417565 -0.883476 0.631993 0.493883 0.94834 0.670762 -0.37172 -0.764647 -0.588907 -0.416384 0.895606 0.685042 -0.500409 -0.568138 0.73239 -0.138159 -0.588502 0.857513 0.506671 -0.219946 -0.250497 0.115975 0.2615 0.88221 0.472557 0.472138 -0.222513 0.100431 0.960514 0.25602 -0.344584 -0.139895 0.254734 0.391377 -0.0197018 0.336805 -0.463237 -0.790461 -0.869608 -0.720384 -0.0920389 -0.639423 0.293099 
0.714896 -0.465433 0.638119 0.252767 0.835531 -0.793925 -0.48876 -0.00461794 0.404211 0.41077 -0.778846 -0.253834 -0.0338812 0.924764 -0.799614 -0.089523 -0.810775 0.0449053 -0.346334 0.582306 0.650656 0.478239 0.130085 -0.893638 -0.622689 0.98486 -0.143189 0.289312 0.44431 0.804172 0.688801 0.833011 -0.0315644 -0.037374 0.457541 0.516637 -0.230248 0.49194 -0.449455 -0.272146 -0.935719 0.647376 0.517334 -0.129329 -0.549308 -0.8321 -0.466432 0.253247 0.53762 -0.345364 -0.487743 -0.0270935 0.506025 0.125229 -0.301392 0.394016 0.935949 -0.194586 -0.451853 0.780653 0.18575 0.216018 -0.303254 0.604551 0.663954 
0.622024 -0.164738 -0.853041 0.250295 0.955725 0.36869 -0.0166378 -0.636959 0.123529 -0.536086 0.712994 -0.433425 0.966616 0.625342 -0.208039 -0.364752 -0.216448 0.297902 0.853197 0.80064 -0.456703 0.513319 0.0398523 0.889845 0.820835 0.268896 -0.915729 -0.485962 -0.429949 0.570721 -0.498981 -0.438028 -0.30855 0.813611 0.622901 -0.519784 -0.364272 -0.553533 0.908779 -0.519429 0.858325 0.62137 -0.800632 0.147274 -0.556271 -0.264309 -0.627826 0.564117 0.777648 -0.394109 -0.907 0.488642 0.425664 0.109065 0.082257 -0.270807 -0.790875 -0.871609 0.531116 -0.959914 -0.365214 -0.39867 -0.720864 0.0422199 -0.368225 
0.47644 0.190219 0.149586 0.843361 0.315422 0.414417 0.153518 -0.859587 -0.417238 -0.978426 0.537573 0.988318 0.151632 -0.398419 -0.0575429 -0.73512 0.0233256 -0.635882 0.0941654 -0.249972 0.014835 0.346338 0.439635 0.406507 0.223882 -0.762802 0.907368 0.453334 -0.891479 -0.55267 -0.0115566 -0.739758 0.940722 -0.0955221 0.560561 0.220514 0.544438 0.217357 0.67069 -0.428502 0.990972 0.706515 -0.328697 -0.689925 -0.791221 0.915867 0.951465 0.162565 -0.781659 -0.870745 -0.347481 -0.212755 -0.146402 0.463935 0.601121 0.188341 0.75015 0.122075 0.805436 -0.596719 -0.544769 -0.651196 -0.127559 -0.365002 -0.579943 
0.669699 0.567707 0.712727 -0.203501 -0.113352 0.897726 -0.904201 0.576964 -0.398498 0.0393403 -0.557782 0.337664 -0.420259 -0.654654 0.744841 -0.0551116 0.685975 0.824055 0.170803 -0.681174 -0.107636 0.364408 0.635973 0.964547 0.931256 0.0293455 -0.823726 -0.898178 0.153917 0.725415 0.185791 0.207014 0.161364 -0.433599 0.577667 -0.225509 0.763501 -0.760519 0.936263 -0.884251 -0.163667 -0.311874 -0.282664 -0.995814 -0.365567 -0.576421 0.563996 -0.0181625 -0.877315 0.778372 -0.204372 0.13761 -0.109151 0.413341 0.137517 0.170438 0.212716 -0.608676 -0.249121 0.552464 0.811771 0.129011 0.624465 0.598 0.897115 
0.542735 -0.602708 0.264479 0.0315389 0.689097 0.652602 0.46247 0.382617 0.240614 -0.203427 0.760003 0.968457 0.0692123 -0.48977 0.203694 0.363917 0.285027 0.906157 0.126705 -0.455207 0.023468 -0.590965 0.755067 -0.656173 -0.698522 0.448539 0.38585 0.117361 0.246168 0.996866 1.00423 0.199556 0.0309889 0.0543385 -0.904448 0.667097 0.78757 0.105807 -0.482354 -0.986674 0.868831 0.639038 -0.798428 -0.736147 0.712055 -0.232044 0.527429 -0.866511 -0.342699 -0.963997 -0.845368 -0.256117 -0.983515 -0.537427 0.152824 0.495384 -0.287685 -0.118944 -0.766129 0.657868 -0.209064 -0.355791 0.87144 0.196932 0.134921 
0.749412 0.176281 -0.518413 -0.34888 -0.52648 0.257554 0.318603 0.318351 0.526336 0.00647355 0.0288638 -0.6433 -0.152805 -0.0498454 0.976736 0.778194 -0.948049 -0.843374 -0.810109 -0.217213 -0.359524 0.871445 0.670579 0.155567 -0.00467206 -0.201876 0.845675 0.051231 -0.770858 0.729414 -0.1554 0.511825 0.997821 -0.534303 -0.931851 -0.0659247 -0.75793 -0.281189 -0.312625 0.893288 -0.954167 0.892781 0.566684 0.557489 0.558773 0.510437 0.233997 -0.90616 -0.885889 0.11504 0.40378 -0.720968 -0.420025 0.466854 -0.331899 -0.300167 0.0247548 0.828287 0.897502 0.858126 0.725228 0.148747 0.884738 0.388024 -0.374238 
0.98216 -0.149249 0.881321 0.209978 -0.0175113 -0.668421 0.449825 -0.901895 -0.352607 0.00608674 -0.560347 -0.96868 -0.684601 0.0742445 -0.397693 0.697728 0.0924511 -0.300525 -0.997203 -0.766624 -0.427975 0.0976981 -0.997941 0.532024 -0.84669 0.835822 0.612562 -0.581919 -0.232469 -0.103617 0.550734 0.748644 0.83074 0.0779826 0.289076 -0.500015 0.226192 0.287566 0.428206 0.907814 0.140907 -0.709123 -0.305021 0.717193 0.557058 0.482534 0.884164 0.613313 -0.781746 -0.763096 -0.948532 0.885791 -0.118751 -0.594004 0.275599 -0.604224 -0.335291 0.521726 0.298626 0.908647 -0.691864 0.268915 -0.644281 -0.153958 -0.845214 
-0.211909 0.510629 0.532225 0.661499 0.382848 -0.18706 -0.00487839 0.281147 -0.83426 -0.433322 -0.636675 -0.538126 0.240928 -0.936376 0.956453 -0.333539 0.960296 0.052726 -0.889673 0.141654 -0.173041 -0.714104 -0.205675 -0.696736 -0.397066 -0.564816 -0.896664 -0.471047 0.1917 0.710177 -0.333716 0.1645 0.843667 0.470025 -0.950463 0.577502 0.270261 -0.84019 -0.794501 0.0484777 0.19796 -0.130667 -0.95973 0.333531 0.956239 -0.161281 -0.84995 -0.315273 0.639764 -0.78532 0.805338 0.170207 0.419239 -0.627081 0.227228 -0.915427 -0.447047 0.120784 0.229237 0.263882 0.676499 0.0931089 0.288878 0.141509 0.915367 
-0.349386 -0.897927 0.316474 -0.589968 0.585567 0.690468 -0.514503 0.761495 -0.0235967 0.125682 0.531429 -0.958566 0.46556 -0.0764568 -0.420031 -0.146138 0.298756 -0.820735 0.846696 -0.95007 -0.569535 0.50374 0.078083 -0.348673 -0.993092 0.821962 0.406048 -0.457657 0.541848 -0.901321 -0.578307 -0.507642 0.0939944 -0.949075 -0.712577 0.0749872 -0.235041 -0.0873888 0.69395 -0.957559 -0.179156 -0.689511 0.479412 -0.278176 -0.240491 -0.681382 -0.280167 -0.0099917 -0.370275 -0.25116 0.106382 0.396426 -0.0824631 -0.257401 -0.581501 0.991368 -0.689948 -0.273346 -0.0922915 -0.577806 0.653027 0.794083 0.40501 -0.133984 0.409669 
-0.417578 -0.0260837 -0.632198 -0.0452513 -0.338907 -0.150317 -0.94203 -0.0919697 -0.388875 -0.322318 -0.951033 0.114813 0.705552 0.552272 0.267213 0.106677 0.361704 0.97186 -0.0380383 0.864254 0.391055 0.318437 0.491787 0.825846 0.118274 -0.195004 -0.226129 0.604334 -0.604275 -0.430287 -0.835776 -0.219085 -0.32755 -0.111088 -0.845972 -0.0789319 0.00601854 -0.830524 0.588599 -0.7071 0.319784 0.65138 -0.151043 -0.550732 0.724669 0.543563 -0.328596 -0.833813 -0.862983 -0.53309 0.0407598 -0.151911 0.172987 0.00405696 0.851196 -0.140596 -0.559522 0.139028 0.836148 0.0953604 0.211422 -0.585795 0.273119 -0.0870845 0.633131 
-0.377695 0.154089 0.0594158 0.357668 0.933265 -0.731565 -0.409707 -0.925617 -0.988761 -0.197993 -0.715452 -0.633743 0.250548 -0.954385 0.821131 0.529891 0.738801 -0.263787 -0.00507698 0.146541 -0.179577 0.59979 -0.659556 -0.505918 0.0780072 -0.325731 0.413919 -0.110685 0.525914 -0.0521614 -0.885068 0.0428321 0.860628 -0.0878613 0.290953 -0.564568 -0.480013 0.555136 0.999515 -0.16968 -0.546934 -0.612188 0.690296 -0.0648201 0.318074 -0.961245 -0.339382 -0.662285 0.98962 1.00252 0.0500443 0.708152 -0.845185 0.0990024 0.737736 0.380852 -0.170929 0.191555 0.43453 0.378127 -0.417804 0.741861 0.248133 -0.12577 0.315026 
0.745584 0.100306 -0.734805 -0.666957 -0.318712 0.260084 0.826918 -0.297577 -0.11426 0.294987 -0.970825 -0.587745 0.0910457 0.815352 0.624796 -0.54457 0.570193 0.260383 -0.480364 -0.555885 -0.502706 0.0704839 0.50719 0.652694 -0.923977 0.548512 0.933363 -0.718241 -0.997882 0.727505 0.344677 -0.246591 -0.183618 0.552571 -0.80833 0.859144 -0.278236 0.693627 0.642195 0.563782 -0.589265 0.297204 0.572848 0.287335 0.4834 -0.00484883 -0.203939 0.464722 0.00424422 0.477316 -0.407525 0.210156 0.769729 -0.0566831 0.602033 0.888435 -0.158706 0.746927 0.141511 0.405618 0.914735 0.544162 0.0141064 0.044138 -0.919951 
0.258255 -0.135448 0.634721 -0.453388 0.168772 0.151166 -0.103771 0.871429 0.45071 -0.206988 -0.255046 0.287449 -0.539548 0.554431 -0.611092 -0.332401 0.0906716 -0.769347 -0.978276 -0.305366 -0.495562 -0.302655 -0.0761031 0.803788 0.559796 -0.115314 -0.210229 0.457562 0.239275 -0.25852 -0.91327 -0.68777 -0.60592 -0.7519 -0.735274 -0.155687 -0.87937 0.544877 0.623728 -0.0059761 0.07339 -0.76664 0.655247 -0.605913 0.0366762 0.919666 0.667749 0.739054 0.0595619 0.0549125 -0.487874 -0.135134 0.471524 -0.858901 0.215014 -0.90296 -0.91243 -0.638002 0.334115 -0.57155 0.919577 0.70289 -0.147554 0.0971122 -0.29873 
0.615635 -0.591938 -0.89615 0.538002 -0.677829 0.72684 -0.692062 0.0431198 0.742258 -0.0589141 -0.500848 -0.894493 -0.783527 -0.206459 -0.796569 0.90094 0.990129 -0.631257 0.682878 -0.88014 0.585041 -0.730302 0.658409 0.983066 -0.923842 -1.00824 -0.570554 0.246808 0.382798 0.364738 -0.175913 0.47549 0.565084 -0.194516 -0.338849 0.00750769 0.312958 -0.735004 0.188099 0.807851 -0.494213 0.613884 0.137339 0.637922 0.10671 -0.649904 -0.115958 0.709144 0.299583 0.377459 -0.626538 0.294834 0.0192866 -0.30663 0.26201 0.495263 0.873165 0.815439 -0.104335 0.471389 0.592541 -0.260741 -0.272391 0.599854 -1.0073 
-0.745142 -0.365372 -0.369719 -0.361146 0.353883 0.792275 0.378761 -0.00321851 -0.270002 0.623714 -0.865885 0.541571 0.964222 0.389491 -0.870312 -0.455084 0.347385 0.977284 -0.583524 -0.27171 -0.888969 -0.524186 -0.605539 -0.122638 0.873718 0.064277 0.38688 -0.561715 0.134476 -0.181122 0.492885 -0.863349 0.590304 0.950463 0.101244 -0.25443 -0.845023 0.0839367 0.318673 0.000956898 0.397432 0.10145 -0.325732 -0.213279 -0.688544 -0.853185 -0.63203 -0.421081 -0.84173 0.326601 0.427742 0.29349 0.229955 0.677119 -0.967876 0.54073 0.321169 0.973358 -0.662552 -0.651083 0.754826 0.931396 0.145647 -0.504474 0.734827 
-0.621393 0.679408 -0.605768 -0.0778625 -0.126471 -0.230308 0.645527 -0.191493 -0.461854 -0.0937344 -0.564981 0.161071 -0.583256 0.209756 0.608031 0.774897 0.092601 -0.110935 0.650017 0.830312 -0.928805 0.337064 0.632124 0.383617 -0.506452 -0.731435 -0.924271 -0.0983552 0.72814 -0.877445 -0.0667033 0.690519 0.461116 -0.847881 -0.371737 -0.0742693 0.739075 -0.591045 0.319093 -0.801256 -0.327031 0.0122444 -0.639401 0.304639 -0.77699 -0.0358335 0.100487 -0.814643 0.720601 0.852177 -0.000623653 -0.272825 0.649262 -0.247114 -0.79026 0.306716 0.274985 0.624945 -0.352846 0.901372 -0.352564 0.51576 -0.427754 -0.539452 -0.413451 
-0.0990825 -0.156426 -0.439518 0.114886 -0.503631 0.768344 -0.115653 -0.900852 0.766521 -0.206597 -0.359795 -0.545986 0.541126 0.889924 0.476623 0.50124 1.0002 -0.113684 0.812166 0.238121 -0.655797 0.672646 -0.543202 -0.174452 0.483557 0.439517 0.173284 0.986109 -0.988524 0.906186 0.177449 -0.0712659 -0.129682 -0.269033 0.222389 0.204091 -0.146946 -0.960419 -0.780583 0.212042 -0.508308 -0.762572 -0.909751 -0.222103 -0.603057 -0.917719 0.771344 -0.464406 0.539813 0.145696 -0.944385 -0.516397 0.695997 0.70689 -0.779354 0.418809 0.431253 -0.886064 -0.80992 0.811252 0.856091 -0.304245 -0.0161934 0.498343 0.559774 
-0.724235 0.399146 0.0639606 -0.144828 -0.531424 0.635237 -0.803438 0.0752432 0.516247 0.66463 0.691891 -0.452001 0.101081 0.268841 -0.283881 0.236801 0.942312 0.446985 0.799896 0.962616 0.333918 -0.948148 0.177952 0.643074 -0.329571 0.465747 0.0160695 -0.151465 -0.978219 0.116896 0.101844 -0.00690251 0.826509 -0.335281 -0.45064 0.459338 -0.248184 -0.349804 0.0911157 0.982684 0.802915 -0.56323 -0.490194 -0.403196 0.724129 -0.754866 0.78131 -0.535115 0.767721 0.100336 -0.517883 0.895407 -0.113183 0.501686 -0.966578 -0.135003 0.418903 -0.37318 0.339483 -0.638388 -0.682776 -0.117236 -0.621531 0.845646 0.998814 
0.61682 -0.680691 0.166005 0.858205 -0.192484 0.715091 -0.780791 -0.458589 -0.47301 0.343623 -0.319243 0.995468 0.0130435 0.254286 0.113659 0.395014 0.145509 -0.414699 0.767713 0.9948 -0.852883 0.712121 -0.61503 -0.0343569 -0.680587 0.291124 0.318518 0.283275 0.624773 0.758659 0.282755 0.731948 0.931727 0.852128 -0.956828 -0.918874 0.728481 0.710967 0.362368 0.502992 0.126897 0.123413 -0.490727 0.287325 0.959358 -0.520452 0.651027 0.92442 -0.21135 -0.00581349 0.432233 0.609412 0.639191 0.76245 -0.939041 -0.763273 -0.735501 -0.791332 -0.788578 0.9474 -0.238548 0.492967 0.0527377 -0.716372 -0.654507 
0.436198 0.722489 0.0275118 0.0948588 -0.468924 0.550811 -0.230753 -0.511952 0.591454 0.354727 -0.716359 0.531132 -0.38662 0.10688 -0.234423 -0.703056 0.404352 -0.699796 0.991405 0.690532 0.544228 -0.687186 -0.528562 0.245929 -0.758858 0.092739 -0.350223 0.771263 0.643685 0.467128 0.220015 -0.343549 -0.825615 0.397807 0.614629 -0.34947 0.442225 0.48697 -0.264875 0.925896 0.303227 -0.949011 -0.0194017 -0.76141 -0.374668 0.0731292 0.641431 0.00172594 -0.675984 0.346732 -0.283556 -0.922082 -0.770521 -0.876468 0.220724 0.109128 -0.650665 0.577904 0.0438967 -0.804916 -0.913087 0.399083 -0.580488 0.727612 0.981146 
0.823516 -0.928397 -0.799276 0.520225 -0.567779 -0.893487 0.814576 0.625247 -0.0071156 -0.314547 -0.34743 0.294933 0.702174 -0.414778 0.29323 0.0719579 0.107262 -0.332162 -0.362895 -0.198547 0.0366258 -0.654601 -0.238659 -0.695074 -0.156587 -0.908629 0.634941 -0.491568 -0.717205 -0.927815 0.480279 0.58003 0.321587 0.945872 0.620394 0.66235 -0.782347 0.906619 0.599976 -0.260779 -0.854998 -0.976338 0.413014 0.221255 0.716394 0.950217 -0.367924 0.785044 0.68642 -0.947459 0.271875 -0.94048 0.163986 -0.971748 -0.822378 -0.299663 0.634904 -0.92242 0.761108 -0.587231 -0.879404 -0.312757 -0.0928522 -0.483163 0.771135 
-0.908107 -0.163615 -0.437263 0.226265 0.465655 0.780809 0.634751 0.0257336 -0.0735012 0.210621 -0.195013 -0.60909 -0.6076 0.529653 0.40405 -0.255325 -0.624525 0.941767 -0.38617 0.173575 -0.248994 -0.612503 -0.0725115 -0.751832 -0.415624 -0.701556 0.109282 0.46755 0.0792578 -0.949569 0.136023 -0.382041 -0.323112 0.847026 -0.251273 -0.57964 -0.568947 0.920599 -0.876431 -0.280969 -0.356745 -0.187101 -0.727448 0.572794 -0.109805 0.573723 0.695831 0.506437 -0.532949 -0.318215 -0.115716 -0.703366 0.320052 0.493629 0.202517 -0.439769 -0.477063 0.0467079 0.725373 0.454521 -0.621574 -0.971606 -0.386794 -0.130934 0.180212 
-0.281944 -0.446431 0.314533 -0.230789 -0.33889 -0.172306 0.885874 0.736695 0.0511979 0.659661 0.671554 -0.265151 0.41671 0.235368 -0.229014 -0.527624 0.583473 0.123946 -0.656961 -0.143393 -0.342884 -0.438583 0.998648 -0.885997 0.861718 0.213315 0.775601 -0.96702 0.0223633 -0.0730562 0.100948 -0.584201 0.551892 -0.900445 0.967811 -0.274211 0.6701 0.162313 -0.288727 -0.930534 -0.212931 -0.205402 0.63676 0.504381 -0.260913 0.386622 -0.13376 0.822496 -0.221563 0.34776 0.652343 -0.226518 -0.915375 -0.187568 0.540245 -0.137656 -0.358745 -0.707596 -0.340815 0.782576 -0.750302 -0.150992 0.423236 -0.543178 -0.458947 
0.340929 0.0248225 -0.100361 0.707845 0.369541 -0.0259072 -0.176537 -0.0219163 0.335474 0.00837925 0.120402 -0.682111 -0.652024 0.713761 0.283638 -0.517749 0.428948 0.141881 -0.196884 0.0615311 -0.380489 0.740186 0.622053 0.373955 0.542731 -0.0826864 0.695157 -0.98083 0.983726 0.540611 -0.265252 0.912303 -0.941401 0.698342 -0.815377 -0.4068 -0.483008 -0.979901 -0.495825 -0.358991 -0.23616 0.881121 0.808295 0.991444 0.141566 -0.205628 -0.0618975 -0.0142982 0.0476751 -0.691317 0.0150012 0.946594 0.447145 -0.275379 -0.451091 -0.894624 0.342031 0.936309 -0.837044 0.694295 -0.240354 -0.285043 0.984725 0.99694 0.825621 
0.739757 0.779139 0.192723 -0.541818 -0.267555 -0.0887843 -0.165902 -0.647837 -0.101084 -0.905926 -0.358689 0.57428 0.132774 -0.839326 -0.38895 0.676855 0.184574 0.752613 -0.865314 0.559698 -0.839995 0.0951237 -0.0698482 0.866032 0.639508 0.859957 0.689953 -0.61073 0.755114 -0.760819 0.145479 -0.978721 0.486791 0.217229 0.466211 0.895747 0.585388 0.176358 -0.28629 0.199602 0.297381 -0.159028 -0.759667 -0.703396 0.348421 0.669145 0.778417 -0.373879 -0.606285 0.719252 -0.893247 -0.948842 0.301178 -0.938632 -0.971608 0.138013 -0.45681 0.817145 0.506436 -0.0720864 0.0553568 -0.128511 0.812378 0.870758 0.820273 
-0.667788 -0.592224 -0.698887 -0.408882 0.735592 0.469667 -0.78684 -0.152654 0.206562 0.792514 -0.258201 0.594313 0.471911 -0.061257 0.00110189 0.105432 0.888108 0.399619 -0.170945 -0.0501036 0.521121 0.624753 -0.0464044 0.695905 0.331164 0.691911 0.223444 -0.451301 -0.451911 -0.523571 -0.623369 -0.790585 0.255702 -0.924969 0.991436 0.341983 -0.673269 -0.646337 -0.887404 0.88558 -0.342132 0.383473 0.173729 0.595742 -0.11458 -0.379906 0.723971 0.0400737 0.55938 -0.3952 -0.413401 0.45819 -0.118656 -0.99008 -0.0579316 -0.272619 -0.960949 0.855625 -0.0681575 0.748005 0.238179 0.697863 -0.626385 -0.351488 -0.551325 
0.609144 -0.913934 -0.0210424 -0.984808 -0.297876 0.433296 0.328463 -0.0148251 -0.837081 -0.338116 -0.358797 -0.445345 0.419414 0.532385 -0.495535 -0.642543 0.384133 -0.133421 -0.226457 -0.136056 0.53753 -0.451339 0.820804 0.883407 -0.328897 -0.455808 0.726685 -0.75793 -0.895843 -0.497487 0.723976 -0.300448 0.184185 -0.497186 -0.790955 0.165472 0.886366 -0.492605 -0.368328 -0.720131 -0.677828 0.0849231 0.576062 -0.580163 0.971503 -0.0349613 -0.653603 -0.806929 -0.551024 0.987915 -0.631532 0.483859 -0.380904 0.010798 0.719956 0.110834 0.870311 0.33398 0.102317 -0.838505 -0.637524 0.208948 -0.433013 0.065177 -0.940352 
0.988773 0.303726 0.460857 0.355467 0.495335 0.827115 -0.0478354 0.134277 0.138802 -0.187748 0.745166 -0.00628435 -0.617048 0.986975 0.308389 0.58672 0.102028 0.298471 -0.915057 0.735768 0.393755 0.735543 -0.710648 -0.747895 0.406113 -0.929284 -0.0863365 0.220937 -0.238357 -0.120328 -0.0534459 -0.453015 -0.898561 -0.896669 0.90738 -0.36824 -0.627972 0.510666 0.734705 -0.0683038 -0.661718 -0.667868 0.112107 0.270711 0.966478 0.416573 -0.736973 0.647516 -0.821026 -0.809231 0.323728 0.429807 -0.419052 0.751622 -0.695448 0.689473 0.685016 -0.600638 0.736597 0.493486 0.244419 -0.0657319 -0.939105 -0.96838 0.207223 
-0.98259 -0.175475 0.296727 -0.0659081 -0.148653 0.671188 0.128648 0.00917026 0.68712 -0.580497 0.648201 0.710891 0.19543 0.934961 -0.444719 1.00304 0.233439 0.188874 -0.677447 0.267269 -0.789324 -0.634167 0.112257 0.908773 0.416277 0.192211 -0.936403 -0.439139 0.565534 -0.559376 -0.0326125 -0.489992 0.980879 0.806562 -0.0508574 -0.26798 0.536428 -0.912517 -0.862155 -0.727089 0.940499 -0.162486 -0.00399906 0.379558 -0.606137 0.464396 0.245263 -0.865877 -0.864546 -0.0936089 0.0583103 0.939573 -0.91493 0.93166 -0.51779 -0.424902 0.966838 0.0857419 0.834822 -0.61568 -0.863158 -0.616722 -0.1856 0.957709 -0.46755 
0.781515 0.296039 0.203366 0.856362 -0.362444 0.488379 -0.933362 0.769752 -0.12203 -0.703957 -0.399387 -0.305815 -0.659104 0.765059 -0.026394 -0.801892 0.0886809 -0.648095 -0.109634 -0.0649262 -0.154723 -0.150726 0.0620963 -0.488662 -0.383888 0.796339 -0.767375 -0.387197 -0.465273 -0.841557 -0.626822 0.717299 0.0291388 -0.877762 0.565214 -0.339665 0.321663 0.784602 0.167383 0.41375 -0.607743 -0.420904 -0.198393 -0.655727 -0.603441 0.223862 0.749783 -0.680436 0.654531 0.0258966 -0.715646 -0.0867764 0.241157 -0.653781 0.539679 0.0653236 -0.732275 0.0329949 0.460611 0.511155 0.883461 -0.361822 0.384317 0.234899 0.0948242 
0.230902 -0.158375 0.348493 -0.5899 -0.349564 0.135009 -0.355043 -0.497061 -0.0770092 0.210416 -0.870184 0.726936 0.765949 -0.525151 -0.0921115 0.802824 0.91919 -0.964871 -0.31694 0.551132 -0.863447 -0.0273136 0.190563 0.825423 -0.348858 0.18932 0.899947 0.681994 -0.0697848 0.411566 -0.729705 -0.161641 -0.482279 0.886737 0.894189 -0.489384 -0.197789 -0.63906 -0.175367 0.664697 -0.510442 -0.119253 0.414593 -0.232926 -0.374721 0.994589 0.96389 -0.927808 0.957454 0.908837 0.505257 -0.463011 -0.537191 0.162784 -0.976688 -0.595491 0.840507 -0.613588 0.429129 0.518886 -0.202399 0.70622 0.605143 -0.537812 0.92539 
0.351947 -0.180104 -0.478032 -1.00123 -0.963557 -0.140999 0.633807 -0.513851 -0.332627 -0.889134 -0.752694 -0.923499 0.950278 0.0309552 -0.705617 -0.886108 0.456672 0.182357 0.262666 -0.380278 -0.298394 -0.748171 -0.586513 0.835521 0.80669 -0.708344 0.283982 0.0451555 -0.681769 0.563682 0.44962 0.465035 0.70606 0.222597 0.679597 0.0824493 -0.827565 0.22314 0.493258 -0.811877 0.246618 -0.290763 0.226884 0.472261 -0.190224 0.233185 0.631305 0.430614 -0.938542 -0.901305 0.106001 -0.0320676 0.0107118 -0.859866 0.589614 0.955995 -0.962232 0.261948 0.187785 0.558856 -0.88264 -0.949105 -0.3781 0.211549 0.229021 
-0.238062 0.517606 0.937622 0.59088 0.963615 0.629447 -0.0596375 0.103735 -0.742145 0.066488 0.21882 0.846603 0.251688 -0.454966 0.0162525 -0.085348 0.18599 0.768323 -0.057446 -0.680303 0.502204 -0.0196167 0.564042 0.468107 0.660924 0.75616 0.280794 -0.21717 -0.470928 -0.905094 0.299682 -0.969768 0.643195 0.874609 0.519195 0.919202 -0.332231 0.733372 -0.864842 -0.470179 -0.646642 0.438568 -0.216286 0.140093 0.314785 -0.192447 -0.970754 0.00455325 0.935742 0.240864 0.015908 0.657723 0.716498 -0.0691683 -0.910975 -0.703777 0.373711 0.809817 -0.798015 -0.194738 -0.99152 0.298077 0.922664 0.995696 -0.348655 
-0.0897947 0.838334 0.593387 -0.50842 -0.185082 0.232129 0.626008 0.166884 -0.674417 -0.307283 0.584031 0.222299 0.503685 0.690654 0.14021 -0.592862 0.834775 -0.269945 -0.12431 0.724249 0.104167 0.0170191 -0.468308 -0.156257 -0.512241 0.380439 0.482197 0.0686847 -0.0240225 0.33187 -0.159045 0.119946 0.106418 -1.01028 0.897972 -0.809884 0.21387 0.768554 -0.659388 0.436265 -0.951233 -0.438877 -0.0892188 -0.637756 0.0557105 0.313413 0.968115 0.235391 -0.800707 -0.273381 -0.354774 -0.964735 -0.498968 0.93336 -0.979032 0.113201 0.27249 -0.0258151 -0.0533713 0.876524 0.19979 0.872414 -0.875828 -0.0259335 0.241701 
-0.868228 -0.092842 -0.958999 -0.426766 0.347109 -0.590465 -0.522422 0.218638 0.0581095 0.642742 0.65833 0.182636 -0.736288 0.931018 0.618439 0.287027 -0.322406 -0.529112 -0.255374 0.420472 -0.551321 -0.583439 0.749791 0.933764 -0.835773 -0.853163 -0.849087 0.345593 0.93608 0.189605 -0.314662 -0.548018 0.434348 0.470799 0.87055 0.809791 0.583988 0.352724 -0.890379 -0.253668 0.866575 0.0934383 0.5784 -0.118142 0.914213 0.246882 0.269578 -0.683509 0.288573 -0.411854 0.445853 0.442841 -0.774613 0.130957 -0.126189 -0.48022 0.177469 -0.224121 0.129649 -0.925423 0.935569 0.163006 0.247224 -0.911941 -0.815322 
0.18992 0.0502187 0.179255 -0.828626 -0.544211 -0.322722 0.858446 0.675124 0.33555 -0.910665 -0.547385 0.686116 0.917044 -0.581479 -0.226564 -0.686002 -0.959628 0.308219 0.470195 -0.022678 0.447679 0.177683 0.345889 0.33304 0.394581 0.638467 0.269566 -0.631822 -0.0949793 -0.840581 0.822039 0.601011 -0.218079 -0.373869 -0.754471 -0.0650447 0.0987752 0.437396 -0.892762 -0.412679 0.471883 0.100326 0.681393 0.286505 -0.977692 -0.823991 -0.288549 -0.324057 -0.0562 0.158299 0.784451 -0.438248 -0.653479 0.875451 0.360576 0.0393741 0.342 -0.913793 -0.411385 0.785369 0.542043 0.801534 0.831786 -0.652493 0.477676 
0.257057 -0.90875 0.783074 -0.853145 0.670583 0.456282 0.422468 0.373089 0.515732 0.4785 -0.703848 0.0912809 0.862789 -0.626087 -0.524339 0.927854 0.31016 0.914792 -0.0573443 0.0441603 0.0541704 0.470199 0.715079 0.00827052 -0.475326 -0.651173 0.0713218 0.372845 -0.0995209 -0.496017 0.684011 0.523423 -0.184729 -0.335551 -0.523362 -0.642018 0.567797 0.954344 -0.984191 0.361919 -0.851375 -0.937254 -0.749687 -0.361064 0.395856 -0.972167 -0.58916 -0.537461 0.591479 -0.304483 0.882565 0.908872 -0.187231 -0.0829798 0.8623 0.134373 -0.650746 -0.452437 -0.386151 -0.139683 -0.501083 -0.692495 -0.866756 0.627125 0.0556352 
0.569994 0.0365917 -0.619678 0.800775 -0.863765 0.4832 -0.0484329 0.311075 0.0625324 -0.053621 0.996033 0.395184 -0.400739 -0.355632 -0.0502029 0.472213 -0.693106 0.443892 0.569445 -0.796625 0.409467 0.0487381 0.615467 -0.309061 -0.55089 0.286294 -0.756645 -0.444929 -0.695853 0.303995 0.664113 0.203284 0.632496 0.488693 -0.363689 0.602527 -0.19657 0.920652 -0.646474 -0.131382 0.380596 -0.824213 -0.712027 -0.015595 0.217566 -0.711905 -0.445845 0.958739 -0.770135 0.683828 -0.645497 -0.259865 -0.0951262 0.901852 0.0692465 -0.803461 -0.387494 0.911313 0.553758 0.473861 0.779595 0.83929 -0.794916 -0.954161 -0.010712 
