3
2 16 8 3 
0.842563 0.340974 -0.608369 
-0.424219 -0.506565 0.0362353 
-0.464056 -0.572734 0.2453 
0.813923 0.496224 0.551307 
0.724673 0.212434 0.823333 
0.70282 -0.186243 -0.847608 
0.646878 0.611877 0.657533 
-0.661601 0.149076 -0.701753 
-0.864139 -0.520869 0.625631 
-0.230233 -0.754724 -0.512469 
-0.689144 -0.0740323 0.754823 
0.0460622 0.731607 0.274627 
-0.609662 0.815756 0.762848 
0.693136 -0.399604 -0.304942 
-0.890724 -0.3641 1.2161 
0.323106 -0.920531 -0.319337 
-0.0813295 0.493551 0.839332 0.610202 1.41909 1.1139 0.752609 -0.471921 -0.545621 -0.406633 0.00608574 0.0677674 -0.306313 0.533631 0.760548 0.493989 0.926919 
0.422341 -0.132518 0.698462 -0.265007 0.526326 -0.269823 0.466409 0.619596 0.22937 -0.0319983 0.568997 1.03555 1.11845 0.7235 0.576259 0.623588 1.78576 
-0.425198 -0.0640312 1.31826 1.13239 0.29506 0.902056 0.197914 0.109605 0.262547 -0.297965 0.367007 0.251161 0.245776 0.131755 1.26197 0.126094 1.41828 
0.107745 0.630712 -0.137755 0.0937623 1.04896 -0.673795 0.645937 0.221422 1.48421 1.09734 0.180268 -0.174988 0.520339 -0.0501742 0.903579 0.333897 1.22676 
0.987728 0.11882 -0.148275 0.16465 0.667808 0.888563 -0.43456 -0.404 0.712043 -0.260455 0.0648162 0.508724 1.27456 0.954984 0.719095 1.08703 1.46665 
0.632395 0.616441 -0.0499309 0.332353 0.90524 -0.648207 1.28023 0.0992204 -0.0467512 -0.385898 1.44807 1.01346 -0.286992 1.2709 0.265337 0.371106 1.30406 
-0.275304 -0.722934 -0.528199 -1.1942 -0.047628 0.116124 0.596617 0.599885 -0.995305 -0.693065 -0.473786 -0.340572 -1.05621 -0.74245 0.210203 0.238551 -0.855758 
1.00628 -0.141774 0.198318 0.457301 -0.309967 0.706548 0.471265 0.361484 1.19836 -0.584969 0.0788694 0.451593 0.253274 -0.475114 -0.45691 -0.577329 1.05797 
-0.48951 0.493949 0.476348 -0.483821 -0.742409 0.692436 -0.106778 0.0571859 -0.832915 
-2.3792 -6.74464 -3.98083 -4.57051 -4.57456 -4.27007 0.512734 -1.23242 -5.22159 
3.56159 7.38088 5.74676 5.97639 5.82402 7.08048 -0.529333 1.88892 6.92809 
